0	file:/home/avi/Desktop/Project/mallet/Data/8.txt	3.353080775143334E-4	0.9994815863955925	1.8310552689321943E-4
1	file:/home/avi/Desktop/Project/mallet/Data/4.txt	0.9996284393074055	2.1841780884090855E-4	1.5314288375365806E-4
2	file:/home/avi/Desktop/Project/mallet/Data/1.txt	3.1755652670648884E-4	2.473259614547665E-4	0.9994351175118388
3	file:/home/avi/Desktop/Project/mallet/Data/9.txt	3.9951576472563717E-4	0.9993823160803509	2.1816815492346197E-4
4	file:/home/avi/Desktop/Project/mallet/Data/11.txt	0.999643042092189	2.0983372468194624E-4	1.471241831290899E-4
5	file:/home/avi/Desktop/Project/mallet/Data/2.txt	3.1967199680461064E-4	2.4897357575944857E-4	0.999431354427436
6	file:/home/avi/Desktop/Project/mallet/Data/10.txt	0.5104268587112664	0.4893900357618406	1.8310552689321943E-4
7	file:/home/avi/Desktop/Project/mallet/Data/6.txt	0.6889940471885228	0.3108290286225217	1.769241889556174E-4
8	file:/home/avi/Desktop/Project/mallet/Data/7.txt	3.6599718519493736E-4	0.9994341385349662	1.99864279838858E-4
9	file:/home/avi/Desktop/Project/mallet/Data/12.txt	3.578100347634168E-4	0.007735155537362929	0.9919070344278736
10	file:/home/avi/Desktop/Project/mallet/Data/3.txt	0.9996078112526607	2.305437807421219E-4	1.6164496659718777E-4
11	file:/home/avi/Desktop/Project/mallet/Data/5.txt	0.999595330034367	2.3788072570357847E-4	1.6678923992957773E-4
12	file:/home/avi/Desktop/Project/mallet/Data/13.txt	0.10231477519867489	6.32258901949194E-4	0.8970529658993759
